1,89
1,88
3,85
2,86
1,87
3,84
2,85
1,86
3,83
2,84
1,85
3,82
2,83
1,84
3,81
2,82
1,83
3,80
2,81
1,82
3,79
2,80
1,81
3,78
2,79
1,80
3,77
2,78
1,79
3,76
2,77
1,78
3,75
2,76
1,77
3,74
2,75
1,76
3,73
2,74
1,75
3,72
2,73
1,74
3,71
2,72
1,73
3,70
2,71
1,72
3,69
2,70
1,71
3,68
2,69
1,70
3,67
2,68
1,69
3,66
2,67
1,68
3,65
2,66
1,67
3,64
2,65
1,66
2,64
1,65
3,63
2,63
1,64
3,62
2,62
1,63
3,61
2,61
1,62
3,60
2,60
1,61
3,59
2,59
1,60
3,58
2,58
1,59
3,57
2,57
1,58
3,56
2,56
1,57
3,55
2,55
1,56
3,54
2,54
1,55
19,4
19,3
19,2
19,1
19,0
3,53
2,53
1,54
3,52
2,52
18,4
18,3
18,2
18,1
18,0
1,53
3,51
17,3
17,2
17,1
17,0
2,51
1,52
16,3
16,2
16,1
16,0
3,50
2,50
15,3
15,2
15,1
15,0
1,51
3,49
14,3
14,2
14,1
14,0
2,49
1,50
13,3
13,2
13,1
13,0
3,48
2,48
12,3
12,2
12,1
12,0
1,49
3,47
11,3
11,2
11,1
11,0
2,47
2,2
2,0
1,48
1,2
1,0
10,3
10,2
10,1
10,0
3,46
3,2
3,0
9,3
9,2
9,1
9,0
8,3
8,2
8,1
8,0
7,3
5,3
4,3
0,9
1,45
3,44
2,44
1,44
3,43
2,43
1,43
3,42
2,42
1,42
3,41
2,41
1,41
3,40
2,40
1,40
3,39
2,39
1,39
3,38
2,38
1,38
3,37
2,37
1,37
3,36
2,36
1,36
3,35
2,35
1,35
3,34
2,34
1,34
3,33
2,33
1,33
3,32
2,32
1,32
3,31
2,31
1,31
3,30
2,30
1,30
3,29
2,29
1,29
3,28
2,28
1,28
3,27
2,27
1,27
3,26
2,26
1,26
3,25
2,25
1,25
3,24
2,24
1,24
3,23
2,23
1,23
3,22
2,22
1,22
3,21
2,21
1,21
3,20
2,20
1,20
3,19
2,19
1,19
3,18
2,18
1,18
3,17
2,17
1,17
3,16
2,16
1,16
3,15
2,15
1,15
3,14
2,14
1,14
3,13
2,13
1,13
3,12
2,12
1,12
3,11
2,11
1,11
3,10
2,10
1,10
3,9
2,9
1,9
3,8
2,8
1,8
3,7
2,7
1,7
3,6
2,6
1,6
3,5
2,5
1,5
3,4
2,46
2,4
1,47
1,4
3,45
3,3
2,45
2,3
1,46
1,3
0,6
0,5
0,47
0,46
0,49
0,48
0,45
0,12
0,10
0,8
0,11
0,7
0,4
0,3
